1	1	0.4333481338712628
1	2	-0.3833009856992506
1	3	0.8166513135023731
1	17	-0.4333333333333335
1	19	0.3833333333333335
1	101	2.837405704951669
1	109	-2.82842712474619
1	161	0.2738641322691396
1	162	-0.1414213562373096
1	169	-0.1414213562373095
2	1	-0.3833009856992506
2	2	1.093886909136621
2	3	-0.816604165330361
2	4	-1.178642805785613
2	5	-0.5184820601593781
2	6	0.518544972870135
2	7	-0.6599663291074446
2	17	0.3833333333333335
2	19	-0.4333333333333335
2	101	-2.837405704951669
2	102	4.006962064630561
2	103	-4.000000000000001
2	109	2.82842712474619
2	161	-0.4354359142083549
2	162	0.4960310735459645
2	163	-0.2000000000000001
2	169	0.1414213562373095
3	1	0.8166513135023731
3	2	-0.816604165330361
3	3	2.72800843293291
3	16	0.4333333333333335
3	17	-2.151250269716459
3	18	0.3833333333333335
3	19	2.378574581658546
3	20	-0.6599663291074448
3	21	0.5185449728701351
3	101	5.665832829697859
3	108	2.82842712474619
3	109	-12.53425671462442
3	110	4.000000000000001
3	161	0.4467925893619978
3	162	-0.1414213562373096
3	168	0.1414213562373096
3	169	-0.4067958291816233
4	2	-1.178642805785613
4	4	2.790965157224434
4	5	1.178476737475921
4	6	-1.561639151425773
4	7	1.995297276841003
4	20	-0.4333333333333335
4	22	0.3833333333333335
4	102	-8.006962064630562
4	103	10.87599835863511
4	111	-2.82842712474619
4	161	0.1414213562373096
4	162	-0.5588901556696495
4	163	0.5182809864112918
4	164	-0.1414213562373096
5	2	-0.5184820601593781
5	4	1.178476737475921
5	5	0.6599834942425614
5	6	-0.6599663291074446
5	7	0.518544972870135
5	102	-4.006962064630561
5	103	4.000000000000001
5	161	0.1414213562373096
5	162	-0.3344592916067491
5	163	0.2000000000000001
6	2	0.518544972870135
6	4	-1.561639151425773
6	5	-0.6599663291074446
6	6	1.754750217636471
6	7	-1.334676095929609
6	8	-1.178713322207146
6	9	-0.5183759769090689
6	10	0.5185449728701346
6	11	-0.6599663291074441
6	20	0.3833333333333335
6	22	-0.4333333333333335
6	102	4.000000000000001
6	103	-6.875998358635108
6	104	4.015210114802477
6	105	-3.999999999999999
6	111	2.82842712474619
6	162	0.2000000000000001
6	163	-0.4706275247518095
6	164	0.50298864383825
6	165	-0.2
7	2	-0.6599663291074446
7	4	1.995297276841003
7	5	0.518544972870135
7	6	-1.334676095929609
7	7	2.296437474685763
7	20	-0.8158333333333337
7	22	0.8166666666666671
7	102	-4.000000000000001
7	103	9.704425483381298
7	111	-5.727564927611034
7	162	-0.2000000000000001
7	163	0.3645608004670463
7	164	-0.1414213562373096
8	6	-1.178713322207146
8	8	3.22438943870346
8	9	1.178419420338328
8	10	-2.378292461781234
8	11	2.378681337887961
8	12	0.3833333333333333
8	13	0.4333333333333333
8	23	-0.4333333333333335
8	25	0.3833333333333334
8	104	-8.015210114802475
8	105	13.69875561533301
8	106	-2.828427124746189
8	113	-2.82842712474619
8	163	0.1414213562373094
8	164	-0.5566308626473627
8	165	0.5299396116092103
8	166	-0.1414213562373094
9	6	-0.5183759769090689
9	8	1.178419420338328
9	9	0.6600411900435332
9	10	-0.6599663291074441
9	11	0.5185449728701346
9	104	-4.015210114802477
9	105	3.999999999999999
9	163	0.1414213562373094
9	164	-0.326211241434832
9	165	0.2
10	6	0.5185449728701346
10	8	-2.378292461781234
10	9	-0.6599663291074441
10	10	2.727473777374525
10	11	-2.151408468387254
10	12	-0.8167562397904048
10	13	-0.8166407971320579
10	23	0.3833333333333334
10	25	-0.4333333333333335
10	104	3.999999999999999
10	105	-12.5271827400792
10	106	5.66073786320414
10	113	2.82842712474619
10	164	0.2
10	165	-0.4610917723358949
10	166	0.499109524464764
10	167	-0.2000000000000001
11	6	-0.6599663291074441
11	8	2.378681337887961
11	9	0.5185449728701346
11	10	-2.151408468387254
11	11	2.729700137727636
11	12	0.4333333333333333
11	13	0.3833333333333333
11	23	-0.8158333333333336
11	25	0.816666666666667
11	104	-3.999999999999999
11	105	12.5271827400792
11	106	-2.828427124746189
11	113	-5.727564927611036
11	164	-0.2
11	165	0.3702306685153345
11	166	-0.1414213562373094
12	8	0.3833333333333333
12	10	-0.8167562397904048
12	11	0.4333333333333333
12	12	0.8669012280574744
12	13	0.383316284875007
12	14	-0.3833004886927458
12	15	0.8167890412684442
12	26	-0.4333333333333335
12	28	0.3833333333333335
12	105	2.828427124746191
12	106	-2.832310738457952
12	107	2.834499522953086
12	115	-2.82842712474619
12	165	0.1414213562373096
12	166	-0.5511658893037851
12	167	0.54897710480865
12	170	-0.1414213562373095
13	8	0.4333333333333333
13	10	-0.8166407971320579
13	11	0.3833333333333333
13	12	0.383316284875007
13	13	0.433338148696215
13	105	2.828427124746191
13	106	-2.832310738457952
13	165	0.1414213562373096
13	166	-0.3375377425255488
13	167	0.2000000000000001
14	12	-0.3833004886927458
14	14	0.433346168558879
14	15	-0.8166200294370694
14	26	0.3833333333333335
14	28	-0.4333333333333335
14	107	-2.834499522953086
14	115	2.82842712474619
14	166	0.2000000000000001
14	167	-0.3353489580304137
14	170	0.1414213562373095
15	12	0.8167890412684442
15	14	-0.8166200294370694
15	15	2.068202303061334
15	25	0.4333333333333333
15	26	-1.632580134535755
15	27	0.3833333333333334
15	28	1.199842658014755
15	107	5.662926647699275
15	114	2.82842712474619
15	115	-8.546887963365949
15	166	-0.2000000000000001
15	167	0.5082774151232718
15	170	-0.4527432242027892
15	171	0.2000000000000001
16	3	0.4333333333333335
16	16	0.4333481338712628
16	17	-0.8166513135023731
16	18	0.3833009856992506
16	19	0.3833333333333335
16	108	2.837405704951669
16	109	-2.82842712474619
16	168	0.2738641322691396
16	169	-0.1414213562373095
16	174	-0.1414213562373096
17	1	-0.4333333333333335
17	2	0.3833333333333335
17	3	-2.151250269716459
17	16	-0.8166513135023731
17	17	2.728008432932909
17	18	-0.816604165330361
17	19	-2.378574581658546
17	20	0.5185449728701352
17	21	-0.6599663291074448
17	101	-2.82842712474619
17	108	-5.665832829697859
17	109	12.53425671462443
17	110	-4.000000000000001
17	161	-0.1414213562373096
17	168	-0.4467925893619978
17	169	0.4067958291816233
17	174	0.1414213562373096
18	3	0.3833333333333335
18	16	0.3833009856992506
18	17	-0.816604165330361
18	18	1.093886909136621
18	19	0.4333333333333335
18	35	1.178642805785613
18	36	-0.5184820601593781
18	37	-0.6599663291074446
18	38	0.518544972870135
18	108	2.837405704951669
18	109	-2.82842712474619
18	119	-4.006962064630561
18	120	4.000000000000001
18	168	0.435435914208355
18	169	-0.1414213562373095
18	174	-0.4960310735459645
18	175	0.2000000000000001
19	1	0.3833333333333335
19	2	-0.4333333333333335
19	3	2.378574581658546
19	16	0.3833333333333335
19	17	-2.378574581658546
19	18	0.4333333333333335
19	19	3.225277199804101
19	20	-1.17851130197758
19	21	1.17851130197758
19	101	2.82842712474619
19	108	2.82842712474619
19	109	-13.70582958987824
19	110	8.070710678118656
19	161	0.1414213562373096
19	168	0.1414213562373096
19	169	-0.30457805020742
20	3	-0.6599663291074448
20	4	-0.4333333333333335
20	6	0.3833333333333335
20	7	-0.8158333333333337
20	17	0.5185449728701352
20	19	-1.17851130197758
20	20	1.096632995774112
20	21	-0.5177116395368019
20	22	-0.3833333333333337
20	103	-2.82842712474619
20	109	4.000000000000001
20	110	-4.070710678118656
20	111	2.899137802864845
21	3	0.5185449728701351
21	17	-0.6599663291074448
21	19	1.17851130197758
21	20	-0.5177116395368019
21	21	1.096632995774112
21	35	0.4333333333333335
21	37	-0.8158333333333337
21	38	0.3833333333333335
21	39	0.3833333333333337
21	109	-4.000000000000001
21	110	4.070710678118656
21	120	2.82842712474619
21	121	-2.899137802864845
22	4	0.3833333333333335
22	6	-0.4333333333333335
22	7	0.8166666666666671
22	20	-0.3833333333333337
22	22	0.4350000000000003
22	23	3.659182332138577e-19
22	24	-1.897353801849633e-19
22	103	2.82842712474619
22	111	-2.899137802864845
22	112	0.07071067811865474
23	8	-0.4333333333333334
23	10	0.3833333333333333
23	11	-0.8158333333333335
23	22	3.659182332138577e-19
23	23	0.4366666666666669
23	24	0.0008333333333333333
23	25	-0.3833333333333335
23	105	-2.828427124746192
23	112	-0.07071067811865474
23	113	2.899137802864846
24	22	-1.626303258728257e-19
24	23	0.0008333333333333333
24	24	0.003333333333333332
24	40	0.0008333333333333334
24	42	-3.117081245895825e-19
24	112	0.07071067811865474
24	123	-0.07071067811865474
25	8	0.3833333333333333
25	10	-0.4333333333333334
25	11	0.8166666666666669
25	15	0.4333333333333333
25	23	-0.3833333333333335
25	25	0.8683333333333332
25	26	-0.8166666666666664
25	27	0.3833333333333331
25	28	0.3833333333333333
25	105	2.828427124746192
25	113	-2.899137802864846
25	114	2.899137802864844
25	115	-2.828427124746189
26	12	-0.4333333333333335
26	14	0.3833333333333335
26	15	-1.632580134535754
26	25	-0.8166666666666664
26	26	2.069970816747559
26	27	-0.8158333333333332
26	28	-1.200055218379672
26	107	-2.82842712474619
26	114	-5.727564927611033
26	115	8.546887963365949
26	167	-0.1414213562373096
26	170	0.3505254452285859
26	171	-0.2000000000000001
27	15	0.3833333333333333
27	25	0.3833333333333331
27	26	-0.8158333333333331
27	27	0.4366666666666664
27	28	0.4333333333333333
27	43	0.0008333333333333337
27	45	9.351243737687476e-19
27	114	2.899137802864844
27	115	-2.828427124746189
27	125	-0.07071067811865478
28	12	0.3833333333333335
28	14	-0.4333333333333335
28	15	1.199842658014755
28	25	0.3833333333333334
28	26	-1.200055218379672
28	27	0.4333333333333333
28	28	1.734635483717343
28	29	-1.199842658014755
28	30	1.200055218379672
28	31	0.3833333333333337
28	32	0.4333333333333337
28	46	-0.4333333333333336
28	48	0.3833333333333337
28	107	2.82842712474619
28	114	2.82842712474619
28	115	-5.718460838619759
28	116	5.718460838619759
28	117	-2.82842712474619
28	127	-2.82842712474619
28	167	0.1414213562373096
28	170	-0.5341045889912764
28	171	0.5341045889912764
28	172	-0.1414213562373096
29	28	-1.199842658014755
29	29	2.068202303061335
29	30	-1.632580134535755
29	31	-0.8167890412684448
29	32	-0.8166200294370699
29	46	0.3833333333333337
29	48	-0.4333333333333337
29	116	-8.54688796336595
29	117	5.662926647699276
29	127	2.82842712474619
29	170	0.2000000000000001
29	171	-0.4527432242027892
29	172	0.5082774151232718
29	173	-0.2000000000000001
30	28	1.200055218379672
30	29	-1.632580134535755
30	30	2.06997081674756
30	31	0.4333333333333337
30	32	0.3833333333333337
30	46	-0.8158333333333337
30	48	0.8166666666666673
30	116	8.54688796336595
30	117	-2.82842712474619
30	127	-5.727564927611035
30	170	-0.2000000000000001
30	171	0.3505254452285859
30	172	-0.1414213562373096
31	28	0.3833333333333337
31	29	-0.8167890412684448
31	30	0.4333333333333337
31	31	0.866901228057475
31	32	0.3833004886927462
31	33	-0.383316284875007
31	34	0.8167562397904051
31	49	-0.4333333333333337
31	51	0.3833333333333337
31	116	2.82842712474619
31	117	-2.834499522953086
31	118	2.832310738457951
31	129	-2.82842712474619
31	171	0.1414213562373096
31	172	-0.54897710480865
31	173	0.551165889303785
31	176	-0.1414213562373096
32	28	0.4333333333333337
32	29	-0.8166200294370699
32	30	0.3833333333333337
32	31	0.3833004886927462
32	32	0.4333461685588794
32	116	2.82842712474619
32	117	-2.834499522953086
32	171	0.1414213562373096
32	172	-0.3353489580304138
32	173	0.2000000000000001
33	31	-0.383316284875007
33	33	0.433338148696215
33	34	-0.8166407971320584
33	49	0.3833333333333337
33	51	-0.4333333333333337
33	118	-2.832310738457951
33	129	2.82842712474619
33	172	0.2000000000000001
33	173	-0.3375377425255488
33	176	0.1414213562373096
34	31	0.8167562397904051
34	33	-0.8166407971320584
34	34	2.727473777374527
34	48	0.4333333333333337
34	49	-2.151408468387256
34	50	0.3833333333333337
34	51	2.378292461781236
34	52	-0.6599663291074448
34	53	0.5185449728701351
34	118	5.660737863204141
34	128	2.82842712474619
34	129	-12.5271827400792
34	130	4.000000000000001
34	172	-0.2000000000000001
34	173	0.499109524464764
34	176	-0.4610917723358952
34	177	0.2000000000000001
35	18	1.178642805785613
35	21	0.4333333333333335
35	35	2.790965157224433
35	36	-1.178476737475921
35	37	-1.995297276841003
35	38	1.561639151425773
35	39	0.3833333333333335
35	119	-8.006962064630562
35	120	10.87599835863511
35	121	-2.82842712474619
35	168	0.1414213562373096
35	174	-0.5588901556696495
35	175	0.5182809864112918
35	178	-0.1414213562373096
36	18	-0.5184820601593781
36	35	-1.178476737475921
36	36	0.6599834942425614
36	37	0.518544972870135
36	38	-0.6599663291074446
36	119	4.006962064630561
36	120	-4.000000000000001
36	168	-0.1414213562373096
36	174	0.3344592916067491
36	175	-0.2000000000000001
37	18	-0.6599663291074446
37	21	-0.8158333333333337
37	35	-1.995297276841003
37	36	0.518544972870135
37	37	2.296437474685762
37	38	-1.334676095929609
37	39	-0.8166666666666671
37	119	4.000000000000001
37	120	-9.704425483381298
37	121	5.727564927611034
37	174	0.2000000000000001
37	175	-0.3645608004670463
37	178	0.1414213562373096
38	18	0.518544972870135
38	21	0.3833333333333335
38	35	1.561639151425773
38	36	-0.6599663291074446
38	37	-1.334676095929609
38	38	1.754750217636471
38	39	0.4333333333333335
38	54	1.178713322207146
38	55	-0.5183759769090689
38	56	-0.659966329107444
38	57	0.5185449728701346
38	119	-4.000000000000001
38	120	6.875998358635108
38	121	-2.82842712474619
38	131	-4.015210114802477
38	132	3.999999999999999
38	174	-0.2000000000000001
38	175	0.4706275247518095
38	178	-0.50298864383825
38	179	0.2
39	21	0.3833333333333337
39	35	0.3833333333333335
39	37	-0.8166666666666671
39	38	0.4333333333333335
39	39	0.4350000000000003
39	40	1.490777987167569e-19
39	41	-1.897353801849633e-19
39	120	2.82842712474619
39	121	-2.899137802864845
39	122	0.07071067811865474
40	24	0.0008333333333333334
40	39	1.490777987167569e-19
40	40	0.003333333333333334
40	41	0.0008333333333333331
40	42	1.761828530288945e-19
40	122	-0.07071067811865474
40	123	0.07071067811865474
41	39	-1.626303258728257e-19
41	40	0.0008333333333333331
41	41	0.4366666666666669
41	54	0.4333333333333334
41	56	-0.8158333333333335
41	57	0.3833333333333333
41	58	0.3833333333333335
41	122	0.07071067811865474
41	132	2.828427124746192
41	133	-2.899137802864846
42	24	-3.659182332138577e-19
42	40	1.761828530288945e-19
42	42	0.001666666666666666
42	43	3.659182332138577e-19
42	44	-1.897353801849633e-19
42	123	-0.07071067811865474
42	124	0.07071067811865474
43	27	0.0008333333333333337
43	42	3.659182332138577e-19
43	43	0.003333333333333336
43	44	0.0008333333333333333
43	45	6.640738306473715e-19
43	124	-0.07071067811865474
43	125	0.07071067811865478
44	42	-1.626303258728257e-19
44	43	0.0008333333333333333
44	44	0.003333333333333335
44	59	0.0008333333333333335
44	61	-8.809142651444724e-19
44	124	0.07071067811865474
44	135	-0.07071067811865478
45	27	9.351243737687476e-19
45	43	6.640738306473715e-19
45	45	0.001666666666666667
45	46	1.612750731572188e-18
45	47	6.911788849595091e-19
45	125	-0.07071067811865478
45	126	0.07071067811865478
46	28	-0.4333333333333336
46	29	0.3833333333333337
46	30	-0.8158333333333337
46	45	1.612750731572188e-18
46	46	0.436666666666667
46	47	0.0008333333333333343
46	48	-0.3833333333333337
46	116	-2.82842712474619
46	126	-0.07071067811865478
46	127	2.899137802864845
47	45	6.911788849595091e-19
47	46	0.0008333333333333343
47	47	0.003333333333333337
47	62	0.0008333333333333345
47	64	3.930232875259954e-19
47	126	0.07071067811865478
47	137	-0.07071067811865483
48	28	0.3833333333333337
48	29	-0.4333333333333337
48	30	0.8166666666666673
48	34	0.4333333333333337
48	46	-0.3833333333333337
48	48	0.8683333333333341
48	49	-0.8166666666666673
48	50	0.3833333333333337
48	51	0.3833333333333337
48	116	2.82842712474619
48	127	-2.899137802864845
48	128	2.899137802864845
48	129	-2.82842712474619
49	31	-0.4333333333333337
49	33	0.3833333333333337
49	34	-2.151408468387256
49	48	-0.8166666666666673
49	49	2.729700137727638
49	50	-0.815833333333334
49	51	-2.378681337887964
49	52	0.5185449728701351
49	53	-0.6599663291074448
49	118	-2.82842712474619
49	128	-5.727564927611035
49	129	12.5271827400792
49	130	-4.000000000000001
49	173	-0.1414213562373096
49	176	0.3702306685153346
49	177	-0.2000000000000001
50	34	0.3833333333333337
50	48	0.3833333333333337
50	49	-0.815833333333334
50	50	0.436666666666667
50	51	0.4333333333333337
50	65	0.0008333333333333333
50	67	-1.4772254600115e-18
50	128	2.899137802864845
50	129	-2.82842712474619
50	139	-0.07071067811865478
51	31	0.3833333333333337
51	33	-0.4333333333333337
51	34	2.378292461781236
51	48	0.3833333333333337
51	49	-2.378681337887964
51	50	0.4333333333333337
51	51	3.224389438703462
51	52	-1.17841942033833
51	53	1.178713322207148
51	118	2.82842712474619
51	128	2.82842712474619
51	129	-13.69875561533301
51	130	8.015210114802478
51	173	0.1414213562373096
51	176	-0.5299396116092107
51	177	0.5566308626473629
51	180	-0.1414213562373096
52	34	-0.6599663291074448
52	49	0.5185449728701351
52	51	-1.17841942033833
52	52	0.6600411900435338
52	53	-0.5183759769090694
52	129	4.000000000000001
52	130	-4.015210114802478
52	176	0.2000000000000001
52	177	-0.3262112414348322
52	180	0.1414213562373096
53	34	0.5185449728701351
53	49	-0.6599663291074448
53	51	1.178713322207148
53	52	-0.5183759769090694
53	53	1.754750217636472
53	67	0.4333333333333336
53	68	-1.334676095929609
53	69	0.3833333333333335
53	70	1.561639151425772
53	71	-0.6599663291074442
53	72	0.5185449728701349
53	129	-4.000000000000001
53	130	4.015210114802478
53	140	2.828427124746192
53	141	-6.875998358635107
53	142	3.999999999999999
53	176	-0.2000000000000001
53	177	0.5029886438382501
53	180	-0.4706275247518095
53	181	0.2
54	38	1.178713322207146
54	41	0.4333333333333335
54	54	3.224389438703459
54	55	-1.178419420338328
54	56	-2.378681337887962
54	57	2.378292461781235
54	58	0.3833333333333334
54	73	0.3833333333333333
54	74	-0.4333333333333333
54	131	-8.015210114802475
54	132	13.69875561533301
54	133	-2.82842712474619
54	143	-2.828427124746189
54	175	0.1414213562373094
54	178	-0.5566308626473627
54	179	0.5299396116092103
54	182	-0.1414213562373094
55	38	-0.5183759769090689
55	54	-1.178419420338328
55	55	0.6600411900435331
55	56	0.5185449728701346
55	57	-0.659966329107444
55	131	4.015210114802477
55	132	-3.999999999999999
55	175	-0.1414213562373094
55	178	0.326211241434832
55	179	-0.2
56	38	-0.659966329107444
56	41	-0.8158333333333336
56	54	-2.378681337887962
56	55	0.5185449728701346
56	56	2.729700137727635
56	57	-2.151408468387254
56	58	-0.816666666666667
56	73	-0.4333333333333333
56	74	0.3833333333333333
56	131	3.999999999999999
56	132	-12.5271827400792
56	133	5.727564927611036
56	143	2.828427124746189
56	178	0.2
56	179	-0.3702306685153345
56	182	0.1414213562373094
57	38	0.5185449728701346
57	41	0.3833333333333334
57	54	2.378292461781235
57	55	-0.659966329107444
57	56	-2.151408468387254
57	57	2.727473777374525
57	58	0.4333333333333335
57	73	0.8167562397904048
57	74	-0.8166407971320579
57	131	-3.999999999999999
57	132	12.5271827400792
57	133	-2.82842712474619
57	143	-5.66073786320414
57	178	-0.2
57	179	0.4610917723358949
57	182	-0.499109524464764
57	183	0.2000000000000001
58	41	0.3833333333333335
58	54	0.3833333333333333
58	56	-0.8166666666666669
58	57	0.4333333333333334
58	58	0.8683333333333332
58	59	-0.3833333333333331
58	60	0.8166666666666664
58	75	-0.4333333333333333
58	77	0.3833333333333333
58	132	2.828427124746192
58	133	-2.899137802864846
58	134	2.899137802864844
58	145	-2.828427124746189
59	44	0.0008333333333333335
59	58	-0.3833333333333331
59	59	0.4366666666666664
59	60	-0.8158333333333331
59	61	-1.314595134138674e-18
59	75	0.3833333333333333
59	77	-0.4333333333333333
59	134	-2.899137802864844
59	135	0.07071067811865478
59	145	2.828427124746189
60	58	0.8166666666666664
60	59	-0.8158333333333332
60	60	2.069970816747559
60	73	0.4333333333333335
60	75	-1.632580134535754
60	76	0.3833333333333335
60	77	1.200055218379672
60	134	5.727564927611033
60	144	2.82842712474619
60	145	-8.546887963365949
60	183	0.1414213562373096
60	184	-0.3505254452285859
60	185	0.2000000000000001
61	44	-9.0801931945661e-19
61	59	-1.314595134138674e-18
61	61	0.001666666666666667
61	62	-6.911788849595091e-19
61	63	-1.151964808265848e-18
61	135	-0.07071067811865478
61	136	0.07071067811865478
62	47	0.0008333333333333341
62	61	-6.911788849595091e-19
62	62	0.003333333333333338
62	63	0.0008333333333333338
62	64	-7.724940478959219e-19
62	136	-0.07071067811865478
62	137	0.07071067811865483
63	61	-1.124859753953711e-18
63	62	0.0008333333333333338
63	63	0.436666666666667
63	77	0.4333333333333336
63	78	-0.8158333333333337
63	79	0.3833333333333337
63	80	0.3833333333333337
63	136	0.07071067811865478
63	146	2.82842712474619
63	147	-2.899137802864845
64	47	4.065758146820642e-19
64	62	-6.640738306473715e-19
64	64	0.00166666666666667
64	65	6.369687763352339e-19
64	66	-2.574980159653073e-19
64	137	-0.07071067811865483
64	138	0.07071067811865483
65	50	0.0008333333333333333
65	64	6.369687763352339e-19
65	65	0.003333333333333338
65	66	0.0008333333333333352
65	67	-1.531435568635775e-18
65	138	-0.07071067811865483
65	139	0.07071067811865478
66	64	-2.574980159653073e-19
66	65	0.0008333333333333352
66	66	0.003333333333333338
66	81	0.0008333333333333334
66	83	1.368805242762949e-18
66	138	0.07071067811865483
66	149	-0.07071067811865478
67	50	-1.504330514323637e-18
67	53	0.4333333333333336
67	65	-1.531435568635775e-18
67	67	0.4350000000000002
67	68	-0.8166666666666671
67	69	0.3833333333333335
67	70	0.3833333333333335
67	139	-0.07071067811865478
67	140	2.899137802864846
67	141	-2.828427124746192
68	53	-1.334676095929609
68	67	-0.8166666666666671
68	68	2.296437474685763
68	69	-0.8158333333333337
68	70	-1.995297276841003
68	71	0.5185449728701349
68	72	-0.6599663291074445
68	140	-5.727564927611038
68	141	9.7044254833813
68	142	-3.999999999999999
68	177	-0.1414213562373094
68	180	0.3645608004670463
68	181	-0.2
69	53	0.3833333333333335
69	67	0.3833333333333335
69	68	-0.8158333333333337
69	69	1.096632995774112
69	70	0.4333333333333336
69	84	-0.5177116395368017
69	86	1.17851130197758
69	87	-0.6599663291074447
69	88	0.518544972870135
69	140	2.899137802864846
69	141	-2.828427124746192
69	151	-4.070710678118656
69	152	4.000000000000001
70	53	1.561639151425772
70	67	0.3833333333333335
70	68	-1.995297276841003
70	69	0.4333333333333336
70	70	2.790965157224433
70	71	-1.17847673747592
70	72	1.178642805785613
70	140	2.828427124746192
70	141	-10.87599835863511
70	142	8.006962064630558
70	177	0.1414213562373094
70	180	-0.5182809864112916
70	181	0.5588901556696493
70	187	-0.1414213562373094
71	53	-0.6599663291074442
71	68	0.5185449728701349
71	70	-1.17847673747592
71	71	0.6599834942425611
71	72	-0.518482060159378
71	141	3.999999999999999
71	142	-4.006962064630559
71	180	0.2
71	181	-0.3344592916067491
71	187	0.1414213562373094
72	53	0.5185449728701349
72	68	-0.6599663291074445
72	70	1.178642805785613
72	71	-0.518482060159378
72	72	1.093886909136621
72	86	0.4333333333333336
72	87	-0.8166041653303612
72	88	0.3833333333333337
72	89	0.3833009856992509
72	141	-3.999999999999999
72	142	4.006962064630559
72	152	2.82842712474619
72	153	-2.83740570495167
72	180	-0.2
72	181	0.4960310735459643
72	186	0.1414213562373096
72	187	-0.4354359142083548
73	54	0.3833333333333333
73	56	-0.4333333333333333
73	57	0.8167562397904048
73	60	0.4333333333333335
73	73	0.8669012280574744
73	74	-0.383316284875007
73	75	-0.8167890412684442
73	76	0.3833004886927458
73	77	0.3833333333333335
73	132	2.828427124746191
73	143	-2.832310738457952
73	144	2.834499522953086
73	145	-2.82842712474619
73	179	0.1414213562373096
73	182	-0.5511658893037851
73	183	0.54897710480865
73	184	-0.1414213562373095
74	54	-0.4333333333333333
74	56	0.3833333333333333
74	57	-0.8166407971320579
74	73	-0.383316284875007
74	74	0.433338148696215
74	132	-2.828427124746191
74	143	2.832310738457952
74	179	-0.1414213562373096
74	182	0.3375377425255488
74	183	-0.2000000000000001
75	58	-0.4333333333333333
75	59	0.3833333333333334
75	60	-1.632580134535755
75	73	-0.8167890412684442
75	75	2.068202303061334
75	76	-0.8166200294370694
75	77	-1.199842658014755
75	134	-2.82842712474619
75	144	-5.662926647699275
75	145	8.546887963365949
75	182	0.2000000000000001
75	183	-0.5082774151232718
75	184	0.4527432242027892
75	185	-0.2000000000000001
76	60	0.3833333333333335
76	73	0.3833004886927458
76	75	-0.8166200294370694
76	76	0.433346168558879
76	77	0.4333333333333335
76	144	2.834499522953086
76	145	-2.82842712474619
76	182	-0.2000000000000001
76	183	0.3353489580304137
76	184	-0.1414213562373095
77	58	0.3833333333333334
77	59	-0.4333333333333333
77	60	1.200055218379672
77	63	0.4333333333333336
77	73	0.3833333333333335
77	75	-1.199842658014755
77	76	0.4333333333333335
77	77	1.734635483717343
77	78	-1.200055218379672
77	79	1.199842658014755
77	80	0.3833333333333337
77	90	0.3833333333333337
77	91	-0.4333333333333337
77	134	2.82842712474619
77	144	2.82842712474619
77	145	-5.718460838619759
77	146	5.718460838619759
77	147	-2.82842712474619
77	154	-2.82842712474619
77	183	0.1414213562373096
77	184	-0.5341045889912764
77	185	0.5341045889912764
77	188	-0.1414213562373096
78	63	-0.8158333333333337
78	77	-1.200055218379672
78	78	2.06997081674756
78	79	-1.632580134535755
78	80	-0.8166666666666673
78	90	-0.4333333333333337
78	91	0.3833333333333337
78	146	-8.54688796336595
78	147	5.727564927611035
78	154	2.82842712474619
78	184	0.2000000000000001
78	185	-0.3505254452285859
78	188	0.1414213562373096
79	63	0.3833333333333337
79	77	1.199842658014755
79	78	-1.632580134535755
79	79	2.068202303061335
79	80	0.4333333333333337
79	90	0.8167890412684448
79	91	-0.8166200294370699
79	146	8.54688796336595
79	147	-2.82842712474619
79	154	-5.662926647699276
79	184	-0.2000000000000001
79	185	0.4527432242027892
79	188	-0.508277415123272
79	189	0.2000000000000001
80	63	0.3833333333333337
80	77	0.3833333333333337
80	78	-0.8166666666666673
80	79	0.4333333333333337
80	80	0.8683333333333341
80	81	-0.3833333333333337
80	82	0.8166666666666673
80	92	-0.4333333333333337
80	94	0.3833333333333337
80	146	2.82842712474619
80	147	-2.899137802864845
80	148	2.899137802864845
80	156	-2.82842712474619
81	66	0.0008333333333333334
81	80	-0.3833333333333337
81	81	0.436666666666667
81	82	-0.815833333333334
81	83	1.233279971202261e-18
81	92	0.3833333333333337
81	94	-0.4333333333333337
81	148	-2.899137802864845
81	149	0.07071067811865478
81	156	2.82842712474619
82	80	0.8166666666666673
82	81	-0.815833333333334
82	82	2.729700137727638
82	90	0.4333333333333337
82	92	-2.151408468387256
82	93	0.3833333333333337
82	94	2.378681337887964
82	95	-0.6599663291074448
82	96	0.5185449728701351
82	148	5.727564927611035
82	155	2.82842712474619
82	156	-12.5271827400792
82	157	4.000000000000001
82	189	0.1414213562373096
82	190	-0.3702306685153346
82	191	0.2000000000000001
83	66	1.368805242762949e-18
83	81	1.233279971202261e-18
83	83	0.4350000000000002
83	84	-0.3833333333333335
83	85	0.816666666666667
83	95	-0.4333333333333336
83	97	0.3833333333333335
83	149	-0.07071067811865478
83	150	2.899137802864846
83	158	-2.828427124746192
84	69	-0.5177116395368017
84	83	-0.3833333333333335
84	84	1.096632995774112
84	85	-0.8158333333333337
84	86	-1.17851130197758
84	87	0.518544972870135
84	88	-0.6599663291074447
84	95	0.3833333333333335
84	97	-0.4333333333333336
84	150	-2.899137802864846
84	151	4.070710678118656
84	152	-4.000000000000001
84	158	2.828427124746192
85	83	0.816666666666667
85	84	-0.8158333333333337
85	85	2.296437474685763
85	95	-1.334676095929609
85	97	1.995297276841002
85	98	-0.6599663291074445
85	99	0.5185449728701349
85	150	5.727564927611038
85	158	-9.7044254833813
85	159	3.999999999999999
85	191	0.1414213562373094
85	192	-0.3645608004670463
85	193	0.2
86	69	1.17851130197758
86	72	0.4333333333333336
86	84	-1.17851130197758
86	86	3.225277199804101
86	87	-2.378574581658546
86	88	2.378574581658546
86	89	0.3833333333333337
86	98	-0.4333333333333336
86	100	0.3833333333333337
86	151	-8.070710678118656
86	152	13.70582958987824
86	153	-2.82842712474619
86	160	-2.82842712474619
86	186	0.3045780502074202
86	187	-0.1414213562373096
86	194	-0.1414213562373096
87	69	-0.6599663291074447
87	72	-0.8166041653303612
87	84	0.518544972870135
87	86	-2.378574581658546
87	87	2.72800843293291
87	88	-2.151250269716459
87	89	-0.8166513135023736
87	98	0.3833333333333337
87	100	-0.4333333333333337
87	151	4.000000000000001
87	152	-12.53425671462443
87	153	5.66583282969786
87	160	2.82842712474619
87	181	-0.1414213562373096
87	186	-0.4067958291816235
87	187	0.4467925893619977
87	194	0.1414213562373096
88	69	0.518544972870135
88	72	0.3833333333333337
88	84	-0.6599663291074447
88	86	2.378574581658546
88	87	-2.151250269716459
88	88	2.72800843293291
88	89	0.4333333333333337
88	98	-0.8166041653303612
88	100	0.8166513135023736
88	151	-4.000000000000001
88	152	12.53425671462443
88	153	-2.82842712474619
88	160	-5.66583282969786
88	186	0.4067958291816235
88	187	-0.1414213562373096
88	193	0.1414213562373096
88	194	-0.4467925893619977
89	72	0.3833009856992509
89	86	0.3833333333333337
89	87	-0.8166513135023736
89	88	0.4333333333333337
89	89	0.4333481338712632
89	152	2.82842712474619
89	153	-2.83740570495167
89	181	0.1414213562373096
89	186	0.1414213562373096
89	187	-0.2738641322691397
90	77	0.3833333333333337
90	78	-0.4333333333333337
90	79	0.8167890412684448
90	82	0.4333333333333337
90	90	0.866901228057475
90	91	-0.3833004886927462
90	92	-0.8167562397904051
90	93	0.383316284875007
90	94	0.3833333333333337
90	146	2.82842712474619
90	154	-2.834499522953086
90	155	2.832310738457951
90	156	-2.82842712474619
90	185	0.1414213562373096
90	188	-0.54897710480865
90	189	0.551165889303785
90	190	-0.1414213562373096
91	77	-0.4333333333333337
91	78	0.3833333333333337
91	79	-0.8166200294370699
91	90	-0.3833004886927462
91	91	0.4333461685588794
91	146	-2.82842712474619
91	154	2.834499522953086
91	185	-0.1414213562373096
91	188	0.3353489580304138
91	189	-0.2000000000000001
92	80	-0.4333333333333337
92	81	0.3833333333333337
92	82	-2.151408468387256
92	90	-0.8167562397904051
92	92	2.727473777374527
92	93	-0.8166407971320584
92	94	-2.378292461781236
92	95	0.5185449728701351
92	96	-0.6599663291074448
92	148	-2.82842712474619
92	155	-5.660737863204141
92	156	12.5271827400792
92	157	-4.000000000000001
92	188	0.2000000000000001
92	189	-0.499109524464764
92	190	0.4610917723358952
92	191	-0.2000000000000001
93	82	0.3833333333333337
93	90	0.383316284875007
93	92	-0.8166407971320584
93	93	0.433338148696215
93	94	0.4333333333333337
93	155	2.832310738457951
93	156	-2.82842712474619
93	188	-0.2000000000000001
93	189	0.3375377425255488
93	190	-0.1414213562373096
94	80	0.3833333333333337
94	81	-0.4333333333333337
94	82	2.378681337887964
94	90	0.3833333333333337
94	92	-2.378292461781236
94	93	0.4333333333333337
94	94	3.224389438703462
94	95	-1.178713322207148
94	96	1.17841942033833
94	148	2.82842712474619
94	155	2.82842712474619
94	156	-13.69875561533301
94	157	8.015210114802478
94	189	0.1414213562373096
94	190	-0.5299396116092107
94	191	0.5566308626473629
94	192	-0.1414213562373096
95	82	-0.6599663291074448
95	83	-0.4333333333333336
95	84	0.3833333333333335
95	85	-1.334676095929609
95	92	0.5185449728701351
95	94	-1.178713322207148
95	95	1.754750217636472
95	96	-0.5183759769090694
95	97	-1.561639151425772
95	98	0.5185449728701349
95	99	-0.6599663291074445
95	150	-2.828427124746192
95	156	4.000000000000001
95	157	-4.015210114802478
95	158	6.875998358635107
95	159	-3.999999999999999
95	190	0.2000000000000001
95	191	-0.5029886438382501
95	192	0.4706275247518095
95	193	-0.2
96	82	0.5185449728701351
96	92	-0.6599663291074448
96	94	1.17841942033833
96	95	-0.5183759769090694
96	96	0.6600411900435339
96	156	-4.000000000000001
96	157	4.015210114802478
96	190	-0.2000000000000001
96	191	0.3262112414348322
96	192	-0.1414213562373096
97	83	0.3833333333333335
97	84	-0.4333333333333336
97	85	1.995297276841002
97	95	-1.561639151425772
97	97	2.790965157224432
97	98	-1.178642805785613
97	99	1.17847673747592
97	150	2.828427124746192
97	158	-10.87599835863511
97	159	8.006962064630558
97	191	0.1414213562373094
97	192	-0.5182809864112916
97	193	0.5588901556696493
97	194	-0.1414213562373094
98	85	-0.6599663291074445
98	86	-0.4333333333333336
98	87	0.3833333333333337
98	88	-0.8166041653303612
98	95	0.5185449728701349
98	97	-1.178642805785613
98	98	1.093886909136621
98	99	-0.518482060159378
98	100	-0.3833009856992509
98	152	-2.82842712474619
98	158	3.999999999999999
98	159	-4.006962064630559
98	160	2.83740570495167
98	186	-0.1414213562373096
98	192	0.2
98	193	-0.4960310735459643
98	194	0.4354359142083548
99	85	0.5185449728701349
99	95	-0.6599663291074445
99	97	1.17847673747592
99	98	-0.518482060159378
99	99	0.6599834942425613
99	158	-3.999999999999999
99	159	4.006962064630559
99	192	-0.2
99	193	0.3344592916067491
99	194	-0.1414213562373094
100	86	0.3833333333333337
100	87	-0.4333333333333337
100	88	0.8166513135023736
100	98	-0.3833009856992509
100	100	0.4333481338712632
100	152	2.82842712474619
100	160	-2.83740570495167
100	186	0.1414213562373096
100	193	0.1414213562373096
100	194	-0.2738641322691397
101	1	-2.837405704951669
101	2	2.837405704951669
101	3	-5.665832829697859
101	17	2.82842712474619
101	19	-2.82842712474619
101	195	0.0006348814948721837
102	2	-4.006962064630561
102	4	8.006962064630562
102	5	4.006962064630561
102	6	-4.000000000000001
102	7	4.000000000000001
102	195	0.0004922923111328316
103	2	4.000000000000001
103	4	-10.87599835863511
103	5	-4.000000000000001
103	6	6.875998358635108
103	7	-9.704425483381298
103	20	2.82842712474619
103	22	-2.82842712474619
103	195	0.003363794207226529
104	6	-4.015210114802477
104	8	8.015210114802475
104	9	4.015210114802477
104	10	-3.999999999999999
104	11	3.999999999999999
104	195	0.00107551753194577
105	6	3.999999999999999
105	8	-13.69875561533301
105	9	-3.999999999999999
105	10	12.5271827400792
105	11	-12.5271827400792
105	12	-2.828427124746191
105	13	-2.828427124746191
105	23	2.828427124746192
105	25	-2.828427124746192
105	195	0.002962873992688772
106	8	2.828427124746189
106	10	-5.66073786320414
106	11	2.828427124746189
106	12	2.832310738457952
106	13	2.832310738457952
106	195	0.0002746129591095145
107	12	-2.834499522953086
107	14	2.834499522953086
107	15	-5.662926647699275
107	26	2.82842712474619
107	28	-2.82842712474619
107	195	0.0004293833950161076
108	3	-2.82842712474619
108	16	-2.837405704951669
108	17	5.665832829697859
108	18	-2.837405704951669
108	19	-2.82842712474619
108	195	0.0006348814948721837
109	1	2.82842712474619
109	2	-2.82842712474619
109	3	12.53425671462442
109	16	2.82842712474619
109	17	-12.53425671462443
109	18	2.82842712474619
109	19	13.70582958987824
109	20	-4.000000000000001
109	21	4.000000000000001
109	195	0.003463079529775665
110	3	-4.000000000000001
110	17	4.000000000000001
110	19	-8.070710678118656
110	20	4.070710678118656
110	21	-4.070710678118656
110	195	0.004999999999999998
111	4	2.82842712474619
111	6	-2.82842712474619
111	7	5.727564927611034
111	20	-2.899137802864845
111	22	2.899137802864845
111	195	0.004999999999999998
112	22	-0.07071067811865474
112	23	0.07071067811865474
112	24	-0.07071067811865474
112	195	0.004999999999999998
113	8	2.82842712474619
113	10	-2.82842712474619
113	11	5.727564927611036
113	23	-2.899137802864846
113	25	2.899137802864846
113	195	0.005000000000000004
114	15	-2.82842712474619
114	25	-2.899137802864844
114	26	5.727564927611033
114	27	-2.899137802864844
114	28	-2.82842712474619
114	195	0.005000000000000004
115	12	2.82842712474619
115	14	-2.82842712474619
115	15	8.546887963365949
115	25	2.828427124746189
115	26	-8.546887963365949
115	27	2.828427124746189
115	28	5.718460838619759
115	195	0.004356243693774275
116	28	-5.718460838619759
116	29	8.54688796336595
116	30	-8.54688796336595
116	31	-2.82842712474619
116	32	-2.82842712474619
116	46	2.82842712474619
116	48	-2.82842712474619
116	195	0.004356243693774275
117	28	2.82842712474619
117	29	-5.662926647699276
117	30	2.82842712474619
117	31	2.834499522953086
117	32	2.834499522953086
117	195	0.0004293833950161062
118	31	-2.832310738457951
118	33	2.832310738457951
118	34	-5.660737863204141
118	49	2.82842712474619
118	51	-2.82842712474619
118	195	0.0002746129591095127
119	18	4.006962064630561
119	35	8.006962064630562
119	36	-4.006962064630561
119	37	-4.000000000000001
119	38	4.000000000000001
119	195	0.0004922923111328316
120	18	-4.000000000000001
120	21	-2.82842712474619
120	35	-10.87599835863511
120	36	4.000000000000001
120	37	9.704425483381298
120	38	-6.875998358635108
120	39	-2.82842712474619
120	195	0.003363794207226529
121	21	2.899137802864845
121	35	2.82842712474619
121	37	-5.727564927611034
121	38	2.82842712474619
121	39	2.899137802864845
121	195	0.004999999999999998
122	39	-0.07071067811865474
122	40	0.07071067811865474
122	41	-0.07071067811865474
122	195	0.004999999999999998
123	24	0.07071067811865474
123	40	-0.07071067811865474
123	42	0.07071067811865474
123	195	0.004999999999999998
124	42	-0.07071067811865474
124	43	0.07071067811865474
124	44	-0.07071067811865474
124	195	0.004999999999999998
125	27	0.07071067811865478
125	43	-0.07071067811865478
125	45	0.07071067811865478
125	195	0.005000000000000004
126	45	-0.07071067811865478
126	46	0.07071067811865478
126	47	-0.07071067811865478
126	195	0.005000000000000004
127	28	2.82842712474619
127	29	-2.82842712474619
127	30	5.727564927611035
127	46	-2.899137802864845
127	48	2.899137802864845
127	195	0.004999999999999998
128	34	-2.82842712474619
128	48	-2.899137802864845
128	49	5.727564927611035
128	50	-2.899137802864845
128	51	-2.82842712474619
128	195	0.004999999999999998
129	31	2.82842712474619
129	33	-2.82842712474619
129	34	12.5271827400792
129	48	2.82842712474619
129	49	-12.5271827400792
129	50	2.82842712474619
129	51	13.69875561533301
129	52	-4.000000000000001
129	53	4.000000000000001
129	195	0.002962873992688759
130	34	-4.000000000000001
130	49	4.000000000000001
130	51	-8.015210114802478
130	52	4.015210114802478
130	53	-4.015210114802478
130	195	0.001075517531945767
131	38	4.015210114802477
131	54	8.015210114802475
131	55	-4.015210114802477
131	56	-3.999999999999999
131	57	3.999999999999999
131	195	0.00107551753194577
132	38	-3.999999999999999
132	41	-2.828427124746192
132	54	-13.69875561533301
132	55	3.999999999999999
132	56	12.5271827400792
132	57	-12.5271827400792
132	58	-2.828427124746192
132	73	-2.828427124746191
132	74	2.828427124746191
132	195	0.002962873992688772
133	41	2.899137802864846
133	54	2.82842712474619
133	56	-5.727564927611036
133	57	2.82842712474619
133	58	2.899137802864846
133	195	0.005000000000000004
134	58	-2.899137802864844
134	59	2.899137802864844
134	60	-5.727564927611033
134	75	2.82842712474619
134	77	-2.82842712474619
134	195	0.005000000000000004
135	44	0.07071067811865478
135	59	-0.07071067811865478
135	61	0.07071067811865478
135	195	0.005000000000000004
136	61	-0.07071067811865478
136	62	0.07071067811865478
136	63	-0.07071067811865478
136	195	0.005000000000000004
137	47	0.07071067811865483
137	62	-0.07071067811865483
137	64	0.07071067811865483
137	195	0.00500000000000001
138	64	-0.07071067811865483
138	65	0.07071067811865483
138	66	-0.07071067811865483
138	195	0.00500000000000001
139	50	0.07071067811865478
139	65	-0.07071067811865478
139	67	0.07071067811865478
139	195	0.005000000000000004
140	53	-2.828427124746192
140	67	-2.899137802864846
140	68	5.727564927611038
140	69	-2.899137802864846
140	70	-2.828427124746192
140	195	0.005000000000000004
141	53	6.875998358635107
141	67	2.828427124746192
141	68	-9.7044254833813
141	69	2.828427124746192
141	70	10.87599835863511
141	71	-3.999999999999999
141	72	3.999999999999999
141	195	0.00336379420722652
142	53	-3.999999999999999
142	68	3.999999999999999
142	70	-8.006962064630558
142	71	4.006962064630559
142	72	-4.006962064630559
142	195	0.0004922923111328263
143	54	2.828427124746189
143	56	-2.828427124746189
143	57	5.66073786320414
143	73	2.832310738457952
143	74	-2.832310738457952
143	195	0.0002746129591095145
144	60	-2.82842712474619
144	73	-2.834499522953086
144	75	5.662926647699275
144	76	-2.834499522953086
144	77	-2.82842712474619
144	195	0.0004293833950161076
145	58	2.828427124746189
145	59	-2.828427124746189
145	60	8.546887963365949
145	73	2.82842712474619
145	75	-8.546887963365949
145	76	2.82842712474619
145	77	5.718460838619759
145	195	0.004356243693774275
146	63	-2.82842712474619
146	77	-5.718460838619759
146	78	8.54688796336595
146	79	-8.54688796336595
146	80	-2.82842712474619
146	90	-2.82842712474619
146	91	2.82842712474619
146	195	0.004356243693774274
147	63	2.899137802864845
147	77	2.82842712474619
147	78	-5.727564927611035
147	79	2.82842712474619
147	80	2.899137802864845
147	195	0.004999999999999998
148	80	-2.899137802864845
148	81	2.899137802864845
148	82	-5.727564927611035
148	92	2.82842712474619
148	94	-2.82842712474619
148	195	0.004999999999999998
149	66	0.07071067811865478
149	81	-0.07071067811865478
149	83	0.07071067811865478
149	195	0.005000000000000004
150	83	-2.899137802864846
150	84	2.899137802864846
150	85	-5.727564927611038
150	95	2.828427124746192
150	97	-2.828427124746192
150	195	0.005000000000000004
151	69	4.070710678118656
151	84	-4.070710678118656
151	86	8.070710678118656
151	87	-4.000000000000001
151	88	4.000000000000001
151	195	0.004999999999999998
152	69	-4.000000000000001
152	72	-2.82842712474619
152	84	4.000000000000001
152	86	-13.70582958987824
152	87	12.53425671462443
152	88	-12.53425671462443
152	89	-2.82842712474619
152	98	2.82842712474619
152	100	-2.82842712474619
152	195	0.003463079529775653
153	72	2.83740570495167
153	86	2.82842712474619
153	87	-5.66583282969786
153	88	2.82842712474619
153	89	2.83740570495167
153	195	0.0006348814948721769
154	77	2.82842712474619
154	78	-2.82842712474619
154	79	5.662926647699276
154	90	2.834499522953086
154	91	-2.834499522953086
154	195	0.0004293833950161067
155	82	-2.82842712474619
155	90	-2.832310738457951
155	92	5.660737863204141
155	93	-2.832310738457951
155	94	-2.82842712474619
155	195	0.0002746129591095127
156	80	2.82842712474619
156	81	-2.82842712474619
156	82	12.5271827400792
156	90	2.82842712474619
156	92	-12.5271827400792
156	93	2.82842712474619
156	94	13.69875561533301
156	95	-4.000000000000001
156	96	4.000000000000001
156	195	0.002962873992688758
157	82	-4.000000000000001
157	92	4.000000000000001
157	94	-8.015210114802478
157	95	4.015210114802478
157	96	-4.015210114802478
157	195	0.001075517531945766
158	83	2.828427124746192
158	84	-2.828427124746192
158	85	9.7044254833813
158	95	-6.875998358635107
158	97	10.87599835863511
158	98	-3.999999999999999
158	99	3.999999999999999
158	195	0.00336379420722652
159	85	-3.999999999999999
159	95	3.999999999999999
159	97	-8.006962064630558
159	98	4.006962064630559
159	99	-4.006962064630559
159	195	0.0004922923111328263
160	86	2.82842712474619
160	87	-2.82842712474619
160	88	5.66583282969786
160	98	-2.83740570495167
160	100	2.83740570495167
160	195	0.0006348814948721769
161	1	0.2738641322691396
161	2	-0.4354359142083549
161	3	0.4467925893619978
161	4	0.1414213562373096
161	5	0.1414213562373096
161	17	-0.1414213562373096
161	19	0.1414213562373096
162	1	-0.1414213562373096
162	2	0.4960310735459645
162	3	-0.1414213562373096
162	4	-0.5588901556696495
162	5	-0.3344592916067491
162	6	0.2000000000000001
162	7	-0.2000000000000001
163	2	-0.2000000000000001
163	4	0.5182809864112918
163	5	0.2000000000000001
163	6	-0.4706275247518095
163	7	0.3645608004670463
163	8	0.1414213562373094
163	9	0.1414213562373094
164	4	-0.1414213562373096
164	6	0.50298864383825
164	7	-0.1414213562373096
164	8	-0.5566308626473627
164	9	-0.326211241434832
164	10	0.2
164	11	-0.2
165	6	-0.2
165	8	0.5299396116092103
165	9	0.2
165	10	-0.4610917723358949
165	11	0.3702306685153345
165	12	0.1414213562373096
165	13	0.1414213562373096
166	8	-0.1414213562373094
166	10	0.499109524464764
166	11	-0.1414213562373094
166	12	-0.5511658893037851
166	13	-0.3375377425255488
166	14	0.2000000000000001
166	15	-0.2000000000000001
167	10	-0.2000000000000001
167	12	0.54897710480865
167	13	0.2000000000000001
167	14	-0.3353489580304137
167	15	0.5082774151232718
167	26	-0.1414213562373096
167	28	0.1414213562373096
168	3	0.1414213562373096
168	16	0.2738641322691396
168	17	-0.4467925893619978
168	18	0.435435914208355
168	19	0.1414213562373096
168	35	0.1414213562373096
168	36	-0.1414213562373096
169	1	-0.1414213562373095
169	2	0.1414213562373095
169	3	-0.4067958291816233
169	16	-0.1414213562373095
169	17	0.4067958291816233
169	18	-0.1414213562373095
169	19	-0.30457805020742
170	12	-0.1414213562373095
170	14	0.1414213562373095
170	15	-0.4527432242027892
170	26	0.3505254452285859
170	28	-0.5341045889912764
170	29	0.2000000000000001
170	30	-0.2000000000000001
171	15	0.2000000000000001
171	26	-0.2000000000000001
171	28	0.5341045889912764
171	29	-0.4527432242027892
171	30	0.3505254452285859
171	31	0.1414213562373096
171	32	0.1414213562373096
172	28	-0.1414213562373096
172	29	0.5082774151232718
172	30	-0.1414213562373096
172	31	-0.54897710480865
172	32	-0.3353489580304138
172	33	0.2000000000000001
172	34	-0.2000000000000001
173	29	-0.2000000000000001
173	31	0.551165889303785
173	32	0.2000000000000001
173	33	-0.3375377425255488
173	34	0.499109524464764
173	49	-0.1414213562373096
173	51	0.1414213562373096
174	16	-0.1414213562373096
174	17	0.1414213562373096
174	18	-0.4960310735459645
174	35	-0.5588901556696495
174	36	0.3344592916067491
174	37	0.2000000000000001
174	38	-0.2000000000000001
175	18	0.2000000000000001
175	35	0.5182809864112918
175	36	-0.2000000000000001
175	37	-0.3645608004670463
175	38	0.4706275247518095
175	54	0.1414213562373094
175	55	-0.1414213562373094
176	31	-0.1414213562373096
176	33	0.1414213562373096
176	34	-0.4610917723358952
176	49	0.3702306685153346
176	51	-0.5299396116092107
176	52	0.2000000000000001
176	53	-0.2000000000000001
177	34	0.2000000000000001
177	49	-0.2000000000000001
177	51	0.5566308626473629
177	52	-0.3262112414348322
177	53	0.5029886438382501
177	68	-0.1414213562373094
177	70	0.1414213562373094
178	35	-0.1414213562373096
178	37	0.1414213562373096
178	38	-0.50298864383825
178	54	-0.5566308626473627
178	55	0.326211241434832
178	56	0.2
178	57	-0.2
179	38	0.2
179	54	0.5299396116092103
179	55	-0.2
179	56	-0.3702306685153345
179	57	0.4610917723358949
179	73	0.1414213562373096
179	74	-0.1414213562373096
180	51	-0.1414213562373096
180	52	0.1414213562373096
180	53	-0.4706275247518095
180	68	0.3645608004670463
180	70	-0.5182809864112916
180	71	0.2
180	72	-0.2
181	53	0.2
181	68	-0.2
181	70	0.5588901556696493
181	71	-0.3344592916067491
181	72	0.4960310735459643
181	87	-0.1414213562373096
181	89	0.1414213562373096
182	54	-0.1414213562373094
182	56	0.1414213562373094
182	57	-0.499109524464764
182	73	-0.5511658893037851
182	74	0.3375377425255488
182	75	0.2000000000000001
182	76	-0.2000000000000001
183	57	0.2000000000000001
183	60	0.1414213562373096
183	73	0.54897710480865
183	74	-0.2000000000000001
183	75	-0.5082774151232718
183	76	0.3353489580304137
183	77	0.1414213562373096
184	60	-0.3505254452285859
184	73	-0.1414213562373095
184	75	0.4527432242027892
184	76	-0.1414213562373095
184	77	-0.5341045889912764
184	78	0.2000000000000001
184	79	-0.2000000000000001
185	60	0.2000000000000001
185	75	-0.2000000000000001
185	77	0.5341045889912764
185	78	-0.3505254452285859
185	79	0.4527432242027892
185	90	0.1414213562373096
185	91	-0.1414213562373096
186	72	0.1414213562373096
186	86	0.3045780502074202
186	87	-0.4067958291816235
186	88	0.4067958291816235
186	89	0.1414213562373096
186	98	-0.1414213562373096
186	100	0.1414213562373096
187	70	-0.1414213562373094
187	71	0.1414213562373094
187	72	-0.4354359142083548
187	86	-0.1414213562373096
187	87	0.4467925893619977
187	88	-0.1414213562373096
187	89	-0.2738641322691397
188	77	-0.1414213562373096
188	78	0.1414213562373096
188	79	-0.508277415123272
188	90	-0.54897710480865
188	91	0.3353489580304138
188	92	0.2000000000000001
188	93	-0.2000000000000001
189	79	0.2000000000000001
189	82	0.1414213562373096
189	90	0.551165889303785
189	91	-0.2000000000000001
189	92	-0.499109524464764
189	93	0.3375377425255488
189	94	0.1414213562373096
190	82	-0.3702306685153346
190	90	-0.1414213562373096
190	92	0.4610917723358952
190	93	-0.1414213562373096
190	94	-0.5299396116092107
190	95	0.2000000000000001
190	96	-0.2000000000000001
191	82	0.2000000000000001
191	85	0.1414213562373094
191	92	-0.2000000000000001
191	94	0.5566308626473629
191	95	-0.5029886438382501
191	96	0.3262112414348322
191	97	0.1414213562373094
192	85	-0.3645608004670463
192	94	-0.1414213562373096
192	95	0.4706275247518095
192	96	-0.1414213562373096
192	97	-0.5182809864112916
192	98	0.2
192	99	-0.2
193	85	0.2
193	88	0.1414213562373096
193	95	-0.2
193	97	0.5588901556696493
193	98	-0.4960310735459643
193	99	0.3344592916067491
193	100	0.1414213562373096
194	86	-0.1414213562373096
194	87	0.1414213562373096
194	88	-0.4467925893619977
194	97	-0.1414213562373094
194	98	0.4354359142083548
194	99	-0.1414213562373094
194	100	-0.2738641322691397
195	101	0.0006348814948721837
195	102	0.0004922923111328316
195	103	0.003363794207226529
195	104	0.00107551753194577
195	105	0.002962873992688772
195	106	0.0002746129591095145
195	107	0.0004293833950161076
195	108	0.0006348814948721837
195	109	0.003463079529775665
195	110	0.004999999999999998
195	111	0.004999999999999998
195	112	0.004999999999999998
195	113	0.005000000000000004
195	114	0.005000000000000004
195	115	0.004356243693774275
195	116	0.004356243693774275
195	117	0.0004293833950161062
195	118	0.0002746129591095127
195	119	0.0004922923111328316
195	120	0.003363794207226529
195	121	0.004999999999999998
195	122	0.004999999999999998
195	123	0.004999999999999998
195	124	0.004999999999999998
195	125	0.005000000000000004
195	126	0.005000000000000004
195	127	0.004999999999999998
195	128	0.004999999999999998
195	129	0.002962873992688759
195	130	0.001075517531945767
195	131	0.00107551753194577
195	132	0.002962873992688772
195	133	0.005000000000000004
195	134	0.005000000000000004
195	135	0.005000000000000004
195	136	0.005000000000000004
195	137	0.00500000000000001
195	138	0.00500000000000001
195	139	0.005000000000000004
195	140	0.005000000000000004
195	141	0.00336379420722652
195	142	0.0004922923111328263
195	143	0.0002746129591095145
195	144	0.0004293833950161076
195	145	0.004356243693774275
195	146	0.004356243693774274
195	147	0.004999999999999998
195	148	0.004999999999999998
195	149	0.005000000000000004
195	150	0.005000000000000004
195	151	0.004999999999999998
195	152	0.003463079529775653
195	153	0.0006348814948721769
195	154	0.0004293833950161067
195	155	0.0002746129591095127
195	156	0.002962873992688758
195	157	0.001075517531945766
195	158	0.00336379420722652
195	159	0.0004922923111328263
195	160	0.0006348814948721769
